0.000
0.000
0.000
0.000
0.000
0.000
0.000
0.000
0.000
0.000
0.000
0.000
0.000
0.000
0.000
0.000
0.000
0.000
0.000
0.000
0.000
0.000
0.000
0.000
0.000
1.000
1.000
2.000
4.000
1.000
0.000
0.000
1.000
2.000
1.000
0.000
1.000
0.000
1.000
0.000
0.000
0.000
0.000
0.000
0.000
0.000
0.000
0.000
0.000
0.000
0.000
0.000
0.000
0.000
0.000
0.000
0.000
4.000
25.000
79.000
114.000
104.000
130.000
105.000
112.000
89.000
109.000
88.000
115.000
91.000
114.000
109.000
96.000
91.000
86.000
89.000
94.000
114.000
107.000
89.000
91.000
83.000
104.000
90.000
93.000
92.000
77.000
89.000
90.000
76.000
86.000
81.000
88.000
78.000
100.000
97.000
73.000
81.000
92.000
61.000
76.000
76.000
77.000
56.000
81.000
88.000
82.000
74.000
91.000
75.000
95.000
78.000
81.000
76.000
74.000
67.000
90.000
79.000
90.000
79.000
54.000
69.000
99.000
75.000
89.000
71.000
80.000
92.000
92.000
102.000
84.000
101.000
106.000
96.000
108.000
92.000
112.000
124.000
107.000
109.000
118.000
127.000
87.000
83.000
98.000
95.000
100.000
80.000
95.000
97.000
97.000
96.000
92.000
81.000
91.000
68.000
90.000
65.000
69.000
89.000
71.000
75.000
71.000
94.000
85.000
81.000
78.000
80.000
85.000
74.000
91.000
76.000
73.000
74.000
69.000
80.000
80.000
64.000
71.000
61.000
68.000
65.000
65.000
66.000
74.000
76.000
67.000
77.000
68.000
83.000
83.000
76.000
67.000
64.000
63.000
71.000
81.000
67.000
87.000
81.000
57.000
79.000
62.000
58.000
61.000
73.000
60.000
69.000
73.000
61.000
80.000
67.000
60.000
68.000
85.000
61.000
58.000
70.000
66.000
70.000
57.000
67.000
84.000
55.000
58.000
72.000
65.000
70.000
64.000
66.000
64.000
78.000
81.000
65.000
65.000
61.000
60.000
74.000
56.000
64.000
57.000
60.000
64.000
75.000
73.000
68.000
55.000
51.000
57.000
76.000
53.000
63.000
60.000
61.000
53.000
56.000
66.000
53.000
66.000
63.000
67.000
57.000
60.000
57.000
48.000
59.000
70.000
59.000
82.000
62.000
67.000
65.000
64.000
52.000
52.000
61.000
55.000
50.000
88.000
53.000
64.000
47.000
59.000
65.000
58.000
58.000
63.000
49.000
67.000
72.000
65.000
59.000
65.000
78.000
57.000
57.000
67.000
73.000
68.000
67.000
81.000
67.000
67.000
57.000
70.000
74.000
68.000
61.000
74.000
66.000
72.000
52.000
59.000
57.000
51.000
39.000
67.000
67.000
68.000
59.000
72.000
77.000
85.000
60.000
72.000
70.000
62.000
54.000
77.000
65.000
55.000
56.000
52.000
52.000
67.000
51.000
54.000
46.000
47.000
46.000
43.000
43.000
48.000
30.000
40.000
24.000
24.000
23.000
37.000
18.000
28.000
23.000
17.000
23.000
15.000
20.000
13.000
19.000
17.000
16.000
12.000
13.000
11.000
17.000
9.000
21.000
10.000
14.000
14.000
14.000
15.000
6.000
10.000
12.000
9.000
8.000
12.000
4.000
10.000
3.000
11.000
13.000
8.000
10.000
9.000
6.000
7.000
9.000
10.000
6.000
6.000
5.000
10.000
5.000
6.000
5.000
3.000
4.000
4.000
8.000
9.000
8.000
5.000
4.000
4.000
5.000
4.000
7.000
14.000
4.000
6.000
6.000
4.000
11.000
7.000
7.000
5.000
6.000
5.000
7.000
7.000
11.000
3.000
12.000
5.000
10.000
10.000
3.000
6.000
5.000
6.000
7.000
7.000
13.000
17.000
11.000
10.000
13.000
18.000
20.000
24.000
12.000
19.000
20.000
30.000
27.000
34.000
35.000
52.000
48.000
46.000
53.000
71.000
78.000
61.000
84.000
104.000
108.000
114.000
121.000
121.000
159.000
171.000
178.000
230.000
195.000
248.000
208.000
223.000
235.000
232.000
231.000
199.000
210.000
218.000
192.000
170.000
173.000
164.000
126.000
147.000
103.000
80.000
71.000
77.000
62.000
40.000
41.000
26.000
22.000
21.000
9.000
14.000
14.000
11.000
10.000
8.000
5.000
7.000
6.000
3.000
2.000
5.000
0.000
2.000
1.000
3.000
1.000
2.000
4.000
1.000
1.000
1.000
1.000
0.000
0.000
1.000
0.000
0.000
2.000
1.000
1.000
2.000
1.000
1.000
1.000
0.000
0.000
0.000
0.000
0.000
0.000
0.000
0.000
0.000
2.000
0.000
1.000
1.000
0.000
0.000
1.000
0.000
1.000
0.000
0.000
1.000
1.000
1.000
0.000
0.000
1.000
0.000
0.000
0.000
0.000
0.000
1.000
0.000
0.000
0.000
0.000
1.000
0.000
0.000
1.000
0.000
0.000
0.000
0.000
1.000
0.000
0.000
0.000
0.000
0.000
0.000
0.000
1.000
0.000
0.000
0.000
0.000
0.000
1.000
0.000
0.000
1.000
0.000
0.000
0.000
0.000
0.000
0.000
1.000
0.000
0.000
0.000
0.000
0.000
0.000
1.000
0.000
0.000
0.000
0.000
0.000
0.000
1.000
0.000
1.000
0.000
0.000
0.000
0.000
0.000
0.000
0.000
0.000
0.000
0.000
0.000
0.000
0.000
0.000
0.000
0.000
0.000
1.000
0.000
0.000
0.000
0.000
0.000
0.000
0.000
1.000
0.000
0.000
0.000
0.000
0.000
0.000
1.000
0.000
0.000
0.000
0.000
0.000
0.000
0.000
0.000
0.000
0.000
0.000
0.000
0.000
0.000
0.000
0.000
0.000
0.000
0.000
0.000
0.000
0.000
1.000
0.000
1.000
1.000
1.000
0.000
0.000
0.000
1.000
0.000
1.000
0.000
0.000
1.000
0.000
0.000
0.000
0.000
0.000
0.000
1.000
0.000
1.000
0.000
3.000
0.000
0.000
1.000
0.000
0.000
0.000
0.000
0.000
0.000
1.000
0.000
0.000
0.000
0.000
0.000
1.000
0.000
0.000
0.000
0.000
1.000
0.000
1.000
0.000
1.000
0.000
1.000
0.000
0.000
0.000
0.000
0.000
0.000
1.000
0.000
0.000
0.000
0.000
0.000
0.000
1.000
0.000
0.000
0.000
0.000
0.000
1.000
0.000
0.000
1.000
0.000
0.000
0.000
0.000
0.000
0.000
0.000
0.000
1.000
0.000
0.000
2.000
0.000
0.000
0.000
0.000
0.000
1.000
0.000
0.000
0.000
0.000
0.000
0.000
0.000
0.000
0.000
0.000
0.000
0.000
0.000
0.000
0.000
0.000
0.000
0.000
0.000
0.000
0.000
0.000
0.000
1.000
0.000
0.000
0.000
0.000
0.000
0.000
0.000
0.000
0.000
0.000
0.000
0.000
0.000
0.000
0.000
0.000
0.000
0.000
1.000
0.000
1.000
0.000
0.000
0.000
0.000
0.000
0.000
0.000
0.000
0.000
0.000
0.000
0.000
0.000
0.000
0.000
0.000
0.000
0.000
0.000
0.000
0.000
0.000
0.000
0.000
0.000
0.000
0.000
0.000
0.000
0.000
0.000
0.000
0.000
0.000
0.000
0.000
0.000
0.000
0.000
0.000
0.000
0.000
0.000
0.000
0.000
0.000
0.000
0.000
0.000
0.000
0.000
0.000
0.000
1.000
0.000
0.000
0.000
0.000
0.000
0.000
0.000
0.000
0.000
0.000
0.000
0.000
0.000
0.000
0.000
0.000
0.000
0.000
0.000
0.000
0.000
0.000
0.000
0.000
0.000
0.000
0.000
0.000
0.000
0.000
0.000
0.000
0.000
0.000
1.000
0.000
0.000
0.000
0.000
0.000
0.000
0.000
0.000
0.000
0.000
0.000
0.000
0.000
0.000
0.000
0.000
0.000
0.000
0.000
0.000
0.000
0.000
0.000
0.000
0.000
0.000
0.000
0.000
0.000
0.000
0.000
0.000
1.000
0.000
0.000
0.000
0.000
0.000
0.000
0.000
0.000
0.000
0.000
0.000
0.000
0.000
0.000
0.000
0.000
0.000
0.000
0.000
0.000
0.000
0.000
0.000
0.000
0.000
0.000
0.000
0.000
0.000
0.000
0.000
0.000
0.000
0.000
0.000
0.000
0.000
0.000
0.000
0.000
0.000
0.000
0.000
0.000
0.000
0.000
0.000
0.000
0.000
0.000
0.000
0.000
0.000
0.000
0.000
0.000
0.000
0.000
0.000
0.000
0.000
0.000
0.000
0.000
0.000
0.000
0.000
0.000
0.000
0.000
0.000
0.000
0.000
0.000
0.000
0.000
0.000
0.000
0.000
0.000
0.000
0.000
0.000
0.000
0.000
0.000
0.000
0.000
0.000
0.000
0.000
0.000
0.000
0.000
0.000
0.000
0.000
0.000
