0.000
0.000
0.000
0.000
0.000
0.000
0.000
0.000
0.000
0.000
0.000
0.000
0.000
0.000
0.000
0.000
0.000
0.000
0.000
0.000
0.000
0.000
0.000
0.000
0.000
2.000
1.000
0.000
3.000
3.000
0.000
1.000
1.000
1.000
0.000
2.000
0.000
0.000
0.000
2.000
1.000
0.000
1.000
2.000
2.000
1.000
0.000
0.000
1.000
4.000
1.000
0.000
1.000
2.000
0.000
1.000
2.000
1.000
1.000
0.000
0.000
0.000
2.000
0.000
0.000
2.000
0.000
1.000
3.000
2.000
3.000
0.000
0.000
1.000
0.000
1.000
1.000
1.000
3.000
2.000
1.000
1.000
2.000
1.000
4.000
0.000
4.000
1.000
2.000
0.000
1.000
0.000
0.000
0.000
0.000
2.000
2.000
4.000
1.000
0.000
1.000
0.000
2.000
1.000
0.000
0.000
1.000
2.000
0.000
0.000
1.000
2.000
2.000
0.000
0.000
1.000
1.000
0.000
2.000
3.000
1.000
0.000
2.000
0.000
2.000
1.000
0.000
1.000
1.000
1.000
2.000
0.000
0.000
1.000
0.000
0.000
1.000
1.000
0.000
3.000
1.000
2.000
3.000
0.000
2.000
0.000
1.000
1.000
0.000
1.000
1.000
1.000
1.000
2.000
1.000
0.000
0.000
1.000
0.000
2.000
0.000
0.000
1.000
0.000
0.000
2.000
0.000
0.000
1.000
3.000
0.000
0.000
1.000
0.000
1.000
0.000
0.000
0.000
2.000
1.000
0.000
1.000
0.000
1.000
0.000
1.000
0.000
3.000
1.000
0.000
0.000
2.000
3.000
0.000
0.000
3.000
0.000
1.000
2.000
1.000
0.000
4.000
0.000
0.000
3.000
5.000
2.000
0.000
1.000
3.000
1.000
3.000
5.000
3.000
1.000
0.000
1.000
3.000
2.000
1.000
0.000
0.000
0.000
1.000
1.000
0.000
2.000
1.000
2.000
0.000
3.000
0.000
0.000
1.000
0.000
1.000
2.000
3.000
1.000
1.000
0.000
2.000
1.000
1.000
1.000
0.000
0.000
1.000
2.000
0.000
2.000
1.000
0.000
0.000
0.000
1.000
1.000
2.000
1.000
2.000
2.000
0.000
3.000
2.000
0.000
3.000
1.000
0.000
1.000
0.000
1.000
3.000
1.000
3.000
4.000
1.000
0.000
0.000
2.000
3.000
0.000
2.000
1.000
1.000
2.000
1.000
2.000
0.000
2.000
2.000
2.000
0.000
3.000
3.000
0.000
0.000
0.000
0.000
0.000
4.000
3.000
0.000
0.000
2.000
3.000
3.000
4.000
1.000
0.000
3.000
1.000
2.000
2.000
3.000
3.000
1.000
3.000
2.000
1.000
1.000
4.000
0.000
1.000
1.000
3.000
1.000
4.000
3.000
2.000
2.000
0.000
1.000
5.000
3.000
4.000
2.000
1.000
4.000
2.000
0.000
4.000
3.000
6.000
2.000
2.000
6.000
2.000
5.000
5.000
2.000
2.000
2.000
1.000
2.000
2.000
1.000
1.000
3.000
2.000
3.000
4.000
3.000
1.000
2.000
2.000
2.000
0.000
2.000
3.000
4.000
4.000
7.000
3.000
1.000
6.000
0.000
0.000
1.000
1.000
2.000
2.000
2.000
4.000
0.000
2.000
2.000
0.000
3.000
7.000
4.000
3.000
1.000
3.000
1.000
3.000
2.000
2.000
4.000
2.000
3.000
1.000
2.000
4.000
2.000
2.000
0.000
1.000
3.000
2.000
2.000
2.000
4.000
0.000
0.000
1.000
4.000
2.000
4.000
2.000
3.000
5.000
4.000
2.000
3.000
2.000
3.000
1.000
2.000
0.000
4.000
1.000
1.000
4.000
3.000
1.000
0.000
5.000
1.000
2.000
2.000
1.000
7.000
5.000
3.000
2.000
2.000
2.000
1.000
5.000
4.000
0.000
1.000
2.000
1.000
1.000
2.000
5.000
1.000
1.000
1.000
3.000
7.000
3.000
4.000
3.000
2.000
2.000
3.000
3.000
2.000
3.000
4.000
3.000
2.000
3.000
3.000
0.000
3.000
5.000
5.000
3.000
1.000
4.000
1.000
4.000
4.000
2.000
2.000
5.000
2.000
3.000
2.000
3.000
0.000
2.000
1.000
1.000
0.000
4.000
2.000
5.000
4.000
1.000
7.000
3.000
3.000
2.000
1.000
1.000
2.000
1.000
3.000
1.000
1.000
3.000
1.000
3.000
1.000
0.000
4.000
0.000
2.000
3.000
1.000
5.000
2.000
4.000
3.000
4.000
1.000
1.000
2.000
1.000
3.000
1.000
2.000
2.000
2.000
0.000
1.000
1.000
3.000
3.000
4.000
3.000
0.000
3.000
0.000
2.000
0.000
3.000
0.000
2.000
4.000
2.000
3.000
1.000
1.000
1.000
1.000
2.000
2.000
0.000
2.000
3.000
3.000
3.000
3.000
3.000
2.000
3.000
3.000
0.000
2.000
1.000
0.000
1.000
3.000
5.000
4.000
5.000
2.000
3.000
1.000
2.000
2.000
0.000
3.000
3.000
2.000
2.000
2.000
0.000
2.000
4.000
4.000
5.000
3.000
3.000
1.000
2.000
3.000
1.000
5.000
4.000
2.000
4.000
0.000
2.000
2.000
2.000
3.000
2.000
3.000
1.000
4.000
2.000
1.000
0.000
3.000
1.000
1.000
3.000
2.000
4.000
5.000
3.000
4.000
0.000
3.000
3.000
6.000
2.000
4.000
6.000
0.000
4.000
2.000
2.000
2.000
2.000
4.000
6.000
5.000
3.000
3.000
4.000
2.000
3.000
5.000
7.000
3.000
5.000
6.000
3.000
2.000
4.000
4.000
2.000
5.000
7.000
3.000
4.000
5.000
3.000
2.000
4.000
6.000
5.000
0.000
2.000
4.000
4.000
3.000
3.000
8.000
7.000
4.000
7.000
5.000
4.000
1.000
4.000
3.000
5.000
9.000
4.000
5.000
4.000
8.000
9.000
0.000
8.000
3.000
2.000
3.000
4.000
5.000
3.000
1.000
4.000
7.000
6.000
9.000
5.000
5.000
9.000
7.000
6.000
9.000
12.000
9.000
11.000
8.000
3.000
7.000
5.000
8.000
5.000
7.000
6.000
11.000
5.000
8.000
4.000
6.000
8.000
11.000
7.000
10.000
10.000
10.000
5.000
7.000
4.000
5.000
6.000
8.000
7.000
8.000
6.000
8.000
8.000
9.000
9.000
8.000
9.000
9.000
8.000
8.000
5.000
8.000
11.000
14.000
9.000
12.000
2.000
6.000
6.000
7.000
8.000
7.000
8.000
3.000
13.000
13.000
17.000
10.000
12.000
10.000
12.000
15.000
16.000
9.000
9.000
11.000
11.000
16.000
7.000
9.000
14.000
14.000
12.000
12.000
16.000
16.000
8.000
11.000
10.000
13.000
14.000
21.000
13.000
15.000
8.000
14.000
22.000
19.000
21.000
21.000
8.000
23.000
9.000
16.000
14.000
9.000
26.000
18.000
18.000
11.000
17.000
10.000
19.000
15.000
21.000
23.000
24.000
23.000
15.000
25.000
24.000
30.000
25.000
22.000
24.000
23.000
24.000
19.000
32.000
19.000
24.000
25.000
15.000
28.000
35.000
34.000
34.000
54.000
32.000
41.000
37.000
39.000
33.000
39.000
46.000
42.000
48.000
38.000
48.000
60.000
46.000
48.000
45.000
63.000
67.000
53.000
61.000
76.000
68.000
74.000
100.000
83.000
99.000
91.000
122.000
116.000
138.000
128.000
140.000
128.000
180.000
194.000
203.000
235.000
248.000
295.000
266.000
356.000
390.000
307.000
268.000
157.000
84.000
46.000
18.000
2.000
1.000
0.000
0.000
0.000
0.000
0.000
0.000
0.000
0.000
0.000
0.000
0.000
0.000
0.000
0.000
0.000
0.000
0.000
0.000
0.000
0.000
0.000
0.000
0.000
0.000
0.000
0.000
0.000
0.000
0.000
0.000
0.000
0.000
0.000
0.000
0.000
0.000
0.000
0.000
0.000
0.000
0.000
0.000
0.000
0.000
0.000
0.000
0.000
0.000
0.000
0.000
0.000
0.000
0.000
0.000
0.000
0.000
0.000
0.000
0.000
0.000
0.000
0.000
0.000
0.000
0.000
0.000
0.000
0.000
0.000
0.000
0.000
0.000
0.000
0.000
0.000
0.000
0.000
0.000
0.000
0.000
0.000
0.000
0.000
0.000
0.000
0.000
0.000
0.000
0.000
0.000
0.000
0.000
0.000
0.000
0.000
0.000
0.000
0.000
0.000
0.000
0.000
0.000
0.000
0.000
0.000
0.000
0.000
0.000
0.000
0.000
0.000
0.000
0.000
0.000
0.000
0.000
0.000
0.000
0.000
0.000
0.000
0.000
0.000
0.000
0.000
0.000
0.000
0.000
0.000
0.000
0.000
0.000
0.000
0.000
0.000
0.000
0.000
