0.000
0.000
0.000
0.000
0.000
0.000
0.000
0.000
0.000
0.000
0.000
0.000
0.000
0.000
0.000
0.000
0.000
0.000
0.000
0.000
0.000
0.000
0.000
0.000
0.000
1.000
1.000
1.000
1.000
0.000
1.000
1.000
1.000
0.000
2.000
0.000
2.000
0.000
1.000
2.000
1.000
2.000
0.000
1.000
0.000
0.000
1.000
1.000
3.000
2.000
0.000
1.000
2.000
1.000
1.000
1.000
2.000
1.000
0.000
0.000
0.000
0.000
0.000
1.000
1.000
0.000
0.000
1.000
1.000
0.000
1.000
1.000
1.000
1.000
0.000
1.000
1.000
0.000
0.000
1.000
0.000
2.000
0.000
0.000
1.000
1.000
0.000
0.000
1.000
1.000
2.000
0.000
0.000
0.000
0.000
0.000
0.000
0.000
2.000
0.000
3.000
0.000
2.000
0.000
0.000
2.000
0.000
1.000
0.000
0.000
0.000
1.000
0.000
0.000
3.000
1.000
1.000
0.000
1.000
1.000
1.000
0.000
0.000
0.000
2.000
0.000
3.000
0.000
1.000
0.000
0.000
0.000
1.000
1.000
0.000
0.000
2.000
0.000
1.000
0.000
0.000
1.000
0.000
1.000
1.000
0.000
0.000
1.000
1.000
0.000
0.000
2.000
0.000
0.000
0.000
0.000
0.000
1.000
0.000
0.000
0.000
1.000
0.000
0.000
0.000
0.000
1.000
1.000
1.000
0.000
1.000
2.000
0.000
1.000
0.000
0.000
2.000
0.000
1.000
2.000
2.000
1.000
1.000
0.000
0.000
1.000
0.000
1.000
0.000
2.000
2.000
1.000
0.000
2.000
1.000
0.000
2.000
0.000
0.000
2.000
1.000
0.000
1.000
0.000
2.000
1.000
0.000
2.000
0.000
1.000
1.000
1.000
0.000
0.000
2.000
0.000
0.000
1.000
3.000
2.000
0.000
1.000
1.000
3.000
1.000
3.000
1.000
2.000
2.000
2.000
0.000
0.000
1.000
0.000
1.000
1.000
2.000
1.000
0.000
1.000
0.000
0.000
2.000
0.000
0.000
1.000
2.000
1.000
1.000
2.000
2.000
0.000
5.000
2.000
1.000
1.000
0.000
2.000
1.000
0.000
0.000
2.000
0.000
1.000
3.000
0.000
2.000
0.000
3.000
2.000
2.000
1.000
2.000
2.000
1.000
2.000
1.000
2.000
0.000
0.000
4.000
2.000
1.000
0.000
1.000
2.000
0.000
2.000
1.000
1.000
1.000
0.000
4.000
4.000
2.000
2.000
2.000
1.000
3.000
3.000
0.000
3.000
0.000
2.000
1.000
1.000
0.000
2.000
1.000
2.000
1.000
2.000
1.000
1.000
0.000
3.000
3.000
3.000
0.000
2.000
1.000
1.000
0.000
0.000
1.000
2.000
1.000
3.000
2.000
3.000
3.000
0.000
1.000
3.000
4.000
1.000
0.000
2.000
2.000
2.000
2.000
0.000
0.000
0.000
2.000
2.000
3.000
4.000
2.000
5.000
3.000
1.000
6.000
2.000
3.000
1.000
2.000
3.000
0.000
2.000
2.000
3.000
4.000
2.000
2.000
3.000
3.000
1.000
1.000
3.000
7.000
2.000
2.000
2.000
5.000
3.000
2.000
3.000
5.000
3.000
2.000
3.000
2.000
4.000
3.000
1.000
2.000
1.000
4.000
2.000
1.000
0.000
1.000
1.000
1.000
3.000
0.000
1.000
1.000
2.000
3.000
1.000
5.000
4.000
3.000
0.000
2.000
6.000
0.000
5.000
1.000
1.000
2.000
3.000
0.000
3.000
3.000
3.000
4.000
1.000
3.000
0.000
1.000
1.000
1.000
0.000
2.000
4.000
1.000
4.000
3.000
4.000
3.000
2.000
0.000
1.000
4.000
2.000
2.000
2.000
2.000
2.000
2.000
2.000
2.000
2.000
1.000
2.000
3.000
1.000
5.000
3.000
1.000
0.000
3.000
1.000
4.000
4.000
2.000
1.000
0.000
3.000
1.000
3.000
2.000
3.000
2.000
1.000
2.000
1.000
7.000
1.000
1.000
1.000
2.000
2.000
1.000
2.000
4.000
3.000
1.000
0.000
2.000
3.000
4.000
2.000
0.000
3.000
3.000
4.000
4.000
1.000
1.000
3.000
1.000
1.000
2.000
3.000
4.000
4.000
1.000
2.000
4.000
0.000
1.000
2.000
2.000
3.000
3.000
2.000
0.000
3.000
2.000
1.000
2.000
5.000
7.000
4.000
0.000
2.000
2.000
0.000
1.000
1.000
3.000
3.000
5.000
3.000
4.000
4.000
2.000
3.000
2.000
5.000
0.000
3.000
0.000
0.000
0.000
0.000
3.000
5.000
1.000
2.000
1.000
0.000
2.000
0.000
2.000
1.000
1.000
0.000
3.000
3.000
0.000
1.000
3.000
4.000
3.000
2.000
1.000
1.000
4.000
1.000
1.000
1.000
5.000
2.000
5.000
2.000
0.000
0.000
0.000
4.000
1.000
3.000
2.000
2.000
3.000
0.000
2.000
2.000
3.000
3.000
6.000
1.000
1.000
3.000
0.000
1.000
1.000
3.000
5.000
1.000
2.000
2.000
2.000
3.000
4.000
1.000
1.000
0.000
5.000
1.000
2.000
4.000
3.000
0.000
1.000
2.000
1.000
1.000
0.000
1.000
1.000
0.000
0.000
2.000
2.000
6.000
0.000
3.000
3.000
1.000
2.000
2.000
0.000
2.000
2.000
0.000
2.000
1.000
4.000
1.000
3.000
5.000
1.000
5.000
3.000
2.000
4.000
1.000
5.000
3.000
2.000
2.000
3.000
3.000
1.000
7.000
1.000
1.000
2.000
2.000
2.000
3.000
6.000
3.000
2.000
3.000
2.000
8.000
2.000
0.000
8.000
2.000
4.000
2.000
4.000
4.000
3.000
1.000
4.000
2.000
3.000
2.000
3.000
2.000
0.000
0.000
2.000
6.000
5.000
5.000
2.000
7.000
6.000
4.000
6.000
4.000
8.000
6.000
1.000
2.000
6.000
9.000
2.000
2.000
5.000
5.000
4.000
6.000
3.000
1.000
1.000
7.000
4.000
4.000
1.000
4.000
5.000
2.000
6.000
4.000
4.000
1.000
3.000
4.000
5.000
5.000
5.000
7.000
6.000
4.000
6.000
5.000
3.000
3.000
6.000
7.000
1.000
2.000
7.000
4.000
11.000
6.000
3.000
5.000
7.000
5.000
8.000
4.000
4.000
7.000
6.000
2.000
3.000
3.000
7.000
6.000
8.000
6.000
9.000
7.000
5.000
7.000
3.000
2.000
5.000
9.000
5.000
8.000
7.000
8.000
9.000
6.000
13.000
5.000
7.000
4.000
6.000
8.000
6.000
8.000
14.000
4.000
6.000
3.000
4.000
12.000
3.000
11.000
8.000
4.000
4.000
7.000
8.000
9.000
8.000
8.000
6.000
11.000
11.000
4.000
16.000
15.000
8.000
11.000
11.000
13.000
15.000
9.000
12.000
16.000
9.000
11.000
13.000
5.000
11.000
10.000
18.000
9.000
15.000
20.000
8.000
8.000
11.000
13.000
13.000
15.000
16.000
9.000
12.000
9.000
9.000
15.000
11.000
15.000
12.000
13.000
13.000
16.000
13.000
16.000
17.000
20.000
18.000
12.000
14.000
14.000
10.000
24.000
15.000
14.000
16.000
23.000
31.000
15.000
19.000
22.000
20.000
27.000
23.000
37.000
29.000
23.000
31.000
25.000
26.000
25.000
30.000
28.000
28.000
26.000
35.000
29.000
31.000
34.000
45.000
32.000
35.000
41.000
48.000
32.000
42.000
45.000
31.000
49.000
53.000
56.000
59.000
73.000
50.000
47.000
71.000
74.000
75.000
81.000
87.000
73.000
77.000
79.000
109.000
123.000
118.000
121.000
140.000
156.000
185.000
185.000
227.000
233.000
248.000
266.000
253.000
322.000
297.000
180.000
125.000
33.000
10.000
0.000
0.000
0.000
0.000
0.000
0.000
0.000
0.000
0.000
0.000
0.000
0.000
0.000
0.000
0.000
0.000
0.000
0.000
0.000
0.000
0.000
0.000
0.000
0.000
0.000
0.000
0.000
0.000
0.000
0.000
0.000
0.000
0.000
0.000
0.000
0.000
0.000
0.000
0.000
0.000
0.000
0.000
0.000
0.000
0.000
0.000
0.000
0.000
0.000
0.000
0.000
0.000
0.000
0.000
0.000
0.000
0.000
0.000
0.000
0.000
0.000
0.000
0.000
0.000
0.000
0.000
0.000
0.000
0.000
0.000
0.000
0.000
0.000
0.000
0.000
0.000
0.000
0.000
0.000
0.000
0.000
0.000
0.000
0.000
0.000
0.000
0.000
0.000
0.000
0.000
0.000
0.000
0.000
0.000
0.000
0.000
0.000
0.000
0.000
0.000
0.000
0.000
0.000
0.000
0.000
0.000
0.000
0.000
0.000
0.000
0.000
0.000
0.000
