0.000
0.000
0.000
0.000
0.000
0.000
0.000
0.000
0.000
0.000
0.000
0.000
0.000
0.000
0.000
0.000
0.000
0.000
0.000
0.000
0.000
0.000
0.000
0.000
0.000
0.000
1.000
0.000
0.000
1.000
0.000
0.000
0.000
0.000
1.000
1.000
0.000
2.000
0.000
0.000
0.000
0.000
0.000
1.000
1.000
1.000
0.000
1.000
0.000
0.000
0.000
0.000
1.000
1.000
0.000
0.000
0.000
0.000
0.000
0.000
1.000
1.000
2.000
0.000
0.000
0.000
0.000
0.000
2.000
1.000
0.000
0.000
0.000
0.000
0.000
0.000
0.000
1.000
0.000
0.000
0.000
0.000
0.000
0.000
0.000
0.000
0.000
0.000
0.000
0.000
0.000
1.000
0.000
0.000
1.000
0.000
0.000
2.000
2.000
0.000
0.000
0.000
1.000
0.000
0.000
0.000
1.000
0.000
0.000
0.000
0.000
0.000
1.000
0.000
0.000
0.000
0.000
0.000
1.000
0.000
0.000
0.000
0.000
0.000
0.000
0.000
0.000
0.000
0.000
0.000
0.000
1.000
0.000
2.000
1.000
1.000
0.000
0.000
0.000
0.000
0.000
1.000
0.000
0.000
1.000
0.000
0.000
0.000
1.000
0.000
1.000
0.000
0.000
1.000
0.000
0.000
0.000
0.000
0.000
0.000
0.000
0.000
0.000
0.000
0.000
0.000
0.000
0.000
1.000
0.000
0.000
0.000
0.000
0.000
0.000
0.000
0.000
0.000
0.000
0.000
0.000
0.000
0.000
0.000
0.000
1.000
0.000
0.000
0.000
0.000
1.000
0.000
0.000
0.000
1.000
0.000
0.000
0.000
0.000
2.000
0.000
1.000
0.000
0.000
1.000
1.000
0.000
0.000
0.000
1.000
0.000
0.000
1.000
0.000
1.000
0.000
0.000
0.000
0.000
1.000
0.000
0.000
0.000
0.000
0.000
0.000
1.000
0.000
0.000
0.000
2.000
0.000
0.000
0.000
0.000
0.000
0.000
0.000
2.000
0.000
0.000
0.000
0.000
1.000
0.000
1.000
0.000
0.000
0.000
1.000
1.000
1.000
0.000
0.000
1.000
0.000
1.000
0.000
1.000
0.000
0.000
0.000
0.000
2.000
0.000
2.000
0.000
1.000
1.000
0.000
0.000
1.000
0.000
0.000
1.000
0.000
0.000
0.000
3.000
1.000
0.000
0.000
0.000
0.000
0.000
0.000
0.000
0.000
0.000
1.000
1.000
0.000
3.000
1.000
1.000
0.000
2.000
0.000
0.000
2.000
1.000
0.000
0.000
0.000
3.000
1.000
0.000
0.000
1.000
1.000
2.000
0.000
0.000
0.000
2.000
0.000
0.000
1.000
1.000
1.000
0.000
0.000
0.000
1.000
0.000
0.000
1.000
0.000
1.000
0.000
2.000
1.000
0.000
0.000
0.000
1.000
1.000
0.000
0.000
0.000
0.000
0.000
0.000
2.000
0.000
0.000
0.000
0.000
0.000
1.000
0.000
1.000
1.000
0.000
2.000
1.000
0.000
0.000
1.000
0.000
1.000
1.000
1.000
1.000
0.000
0.000
1.000
1.000
1.000
2.000
3.000
0.000
3.000
2.000
0.000
1.000
0.000
0.000
2.000
0.000
1.000
1.000
0.000
0.000
1.000
0.000
0.000
1.000
0.000
1.000
1.000
0.000
1.000
0.000
1.000
2.000
1.000
0.000
0.000
0.000
0.000
0.000
1.000
0.000
3.000
0.000
1.000
0.000
1.000
1.000
1.000
1.000
0.000
0.000
2.000
1.000
0.000
1.000
1.000
0.000
0.000
0.000
1.000
3.000
2.000
1.000
0.000
0.000
0.000
1.000
0.000
1.000
1.000
1.000
0.000
1.000
1.000
0.000
0.000
0.000
0.000
0.000
0.000
1.000
1.000
1.000
1.000
0.000
1.000
0.000
1.000
0.000
1.000
0.000
1.000
0.000
1.000
0.000
3.000
0.000
1.000
0.000
0.000
0.000
0.000
0.000
0.000
2.000
1.000
2.000
0.000
1.000
0.000
0.000
1.000
2.000
0.000
0.000
0.000
0.000
1.000
0.000
1.000
0.000
0.000
1.000
0.000
1.000
1.000
0.000
1.000
0.000
0.000
0.000
0.000
0.000
1.000
2.000
1.000
0.000
0.000
0.000
0.000
1.000
0.000
0.000
2.000
2.000
0.000
0.000
1.000
0.000
4.000
1.000
3.000
0.000
1.000
2.000
0.000
0.000
0.000
0.000
2.000
2.000
1.000
2.000
0.000
1.000
0.000
0.000
0.000
2.000
0.000
1.000
2.000
1.000
1.000
2.000
0.000
0.000
2.000
1.000
0.000
0.000
1.000
0.000
1.000
1.000
0.000
1.000
0.000
0.000
0.000
1.000
1.000
1.000
0.000
0.000
1.000
1.000
0.000
0.000
0.000
1.000
0.000
1.000
0.000
1.000
1.000
0.000
1.000
0.000
0.000
2.000
0.000
0.000
1.000
1.000
0.000
0.000
1.000
0.000
1.000
0.000
1.000
0.000
1.000
1.000
0.000
1.000
1.000
3.000
0.000
0.000
0.000
0.000
0.000
1.000
1.000
0.000
0.000
0.000
1.000
1.000
1.000
1.000
1.000
0.000
2.000
1.000
0.000
0.000
1.000
0.000
1.000
1.000
0.000
0.000
1.000
3.000
0.000
2.000
1.000
0.000
0.000
0.000
0.000
0.000
2.000
0.000
0.000
0.000
1.000
1.000
3.000
0.000
0.000
0.000
0.000
0.000
0.000
0.000
0.000
2.000
3.000
1.000
2.000
5.000
0.000
0.000
2.000
0.000
0.000
1.000
0.000
1.000
1.000
3.000
1.000
2.000
2.000
1.000
1.000
1.000
1.000
2.000
2.000
1.000
1.000
1.000
0.000
2.000
1.000
0.000
0.000
1.000
1.000
1.000
0.000
0.000
2.000
1.000
3.000
3.000
0.000
3.000
2.000
2.000
1.000
2.000
1.000
3.000
2.000
4.000
2.000
2.000
1.000
0.000
0.000
4.000
3.000
2.000
1.000
1.000
0.000
0.000
1.000
2.000
0.000
4.000
1.000
2.000
0.000
0.000
3.000
0.000
0.000
1.000
1.000
0.000
2.000
0.000
0.000
1.000
1.000
0.000
1.000
1.000
2.000
5.000
0.000
2.000
5.000
0.000
2.000
4.000
4.000
2.000
6.000
2.000
1.000
3.000
1.000
1.000
1.000
2.000
2.000
1.000
2.000
3.000
1.000
7.000
3.000
1.000
1.000
1.000
3.000
2.000
1.000
3.000
0.000
1.000
0.000
5.000
3.000
1.000
0.000
2.000
0.000
1.000
2.000
0.000
3.000
1.000
3.000
5.000
3.000
1.000
2.000
4.000
4.000
0.000
1.000
4.000
0.000
0.000
3.000
1.000
2.000
0.000
3.000
4.000
1.000
3.000
3.000
1.000
3.000
4.000
4.000
1.000
5.000
3.000
7.000
3.000
4.000
3.000
3.000
2.000
4.000
3.000
4.000
3.000
1.000
3.000
4.000
4.000
2.000
4.000
5.000
7.000
5.000
2.000
4.000
2.000
3.000
7.000
9.000
7.000
5.000
3.000
5.000
3.000
6.000
12.000
4.000
4.000
3.000
4.000
4.000
3.000
2.000
4.000
5.000
6.000
4.000
6.000
7.000
6.000
8.000
4.000
8.000
8.000
6.000
11.000
7.000
10.000
12.000
7.000
6.000
8.000
10.000
8.000
11.000
18.000
8.000
8.000
13.000
13.000
9.000
15.000
15.000
14.000
13.000
15.000
12.000
9.000
19.000
21.000
17.000
20.000
15.000
12.000
19.000
22.000
16.000
25.000
20.000
39.000
25.000
38.000
32.000
35.000
29.000
47.000
37.000
45.000
40.000
61.000
52.000
64.000
77.000
86.000
88.000
78.000
80.000
105.000
122.000
73.000
50.000
18.000
4.000
0.000
0.000
0.000
0.000
0.000
0.000
0.000
0.000
0.000
0.000
0.000
0.000
0.000
0.000
0.000
0.000
0.000
0.000
0.000
0.000
0.000
0.000
0.000
0.000
0.000
0.000
0.000
0.000
0.000
0.000
0.000
0.000
0.000
0.000
0.000
0.000
0.000
0.000
0.000
0.000
0.000
0.000
0.000
0.000
0.000
0.000
0.000
0.000
0.000
0.000
0.000
0.000
0.000
0.000
0.000
0.000
0.000
0.000
0.000
0.000
0.000
0.000
0.000
0.000
0.000
0.000
0.000
0.000
0.000
0.000
0.000
0.000
0.000
0.000
0.000
0.000
0.000
0.000
0.000
0.000
0.000
0.000
0.000
0.000
0.000
0.000
0.000
0.000
0.000
0.000
0.000
0.000
0.000
0.000
0.000
0.000
0.000
0.000
0.000
0.000
0.000
0.000
0.000
0.000
0.000
0.000
0.000
0.000
0.000
0.000
0.000
0.000
0.000
