0.000
0.000
0.000
0.000
0.000
0.000
0.000
0.000
0.000
0.000
0.000
0.000
0.000
0.000
0.000
0.000
0.000
0.000
0.000
0.000
0.000
0.000
0.000
0.000
0.000
0.000
0.000
0.000
0.000
0.000
0.000
0.000
0.000
0.000
0.000
0.000
0.000
0.000
0.000
0.000
0.000
0.000
0.000
0.000
0.000
0.000
0.000
0.000
0.000
0.000
0.000
0.000
0.000
0.000
0.000
7.000
45.000
124.000
166.000
183.000
190.000
176.000
175.000
180.000
187.000
182.000
172.000
167.000
214.000
187.000
168.000
151.000
195.000
179.000
210.000
164.000
171.000
170.000
172.000
182.000
169.000
161.000
160.000
202.000
182.000
165.000
190.000
155.000
196.000
188.000
169.000
152.000
150.000
164.000
188.000
136.000
189.000
176.000
177.000
156.000
166.000
169.000
183.000
137.000
143.000
170.000
159.000
167.000
163.000
145.000
151.000
133.000
144.000
135.000
148.000
126.000
129.000
124.000
126.000
151.000
145.000
118.000
135.000
136.000
137.000
132.000
151.000
106.000
126.000
129.000
150.000
117.000
124.000
125.000
148.000
118.000
155.000
141.000
137.000
136.000
131.000
134.000
173.000
149.000
158.000
170.000
160.000
163.000
193.000
174.000
151.000
171.000
209.000
183.000
184.000
179.000
192.000
194.000
165.000
178.000
203.000
183.000
178.000
159.000
172.000
168.000
177.000
129.000
159.000
142.000
148.000
147.000
135.000
133.000
127.000
126.000
140.000
134.000
135.000
105.000
130.000
118.000
117.000
116.000
122.000
118.000
115.000
103.000
131.000
122.000
105.000
107.000
114.000
96.000
112.000
77.000
106.000
84.000
93.000
121.000
79.000
96.000
120.000
97.000
69.000
98.000
113.000
105.000
83.000
102.000
87.000
92.000
103.000
68.000
108.000
103.000
81.000
92.000
86.000
92.000
80.000
97.000
105.000
100.000
91.000
74.000
81.000
103.000
79.000
82.000
106.000
84.000
89.000
89.000
81.000
67.000
85.000
90.000
89.000
83.000
70.000
81.000
68.000
66.000
72.000
82.000
71.000
65.000
84.000
71.000
78.000
75.000
54.000
65.000
79.000
81.000
85.000
70.000
75.000
63.000
81.000
82.000
76.000
71.000
64.000
72.000
80.000
76.000
70.000
87.000
84.000
79.000
62.000
65.000
81.000
53.000
84.000
78.000
74.000
68.000
78.000
78.000
84.000
74.000
68.000
76.000
65.000
77.000
76.000
83.000
93.000
88.000
70.000
69.000
68.000
64.000
60.000
50.000
75.000
69.000
59.000
69.000
62.000
75.000
78.000
60.000
60.000
69.000
71.000
62.000
76.000
64.000
60.000
68.000
81.000
82.000
73.000
58.000
62.000
72.000
75.000
57.000
83.000
70.000
62.000
79.000
70.000
59.000
61.000
80.000
71.000
66.000
64.000
68.000
57.000
56.000
73.000
65.000
69.000
55.000
55.000
68.000
79.000
61.000
75.000
69.000
62.000
61.000
76.000
66.000
65.000
59.000
59.000
61.000
81.000
59.000
72.000
61.000
79.000
66.000
70.000
73.000
63.000
69.000
45.000
69.000
82.000
67.000
89.000
58.000
52.000
49.000
70.000
60.000
49.000
68.000
62.000
68.000
68.000
51.000
69.000
60.000
85.000
53.000
64.000
65.000
60.000
63.000
66.000
55.000
57.000
72.000
61.000
75.000
77.000
59.000
50.000
67.000
60.000
55.000
78.000
60.000
72.000
71.000
54.000
54.000
71.000
50.000
52.000
51.000
71.000
40.000
61.000
60.000
68.000
60.000
67.000
68.000
64.000
55.000
65.000
71.000
80.000
64.000
61.000
63.000
60.000
62.000
59.000
60.000
76.000
56.000
70.000
60.000
59.000
67.000
82.000
47.000
55.000
75.000
61.000
59.000
57.000
65.000
64.000
66.000
79.000
65.000
68.000
56.000
61.000
68.000
55.000
78.000
59.000
59.000
63.000
58.000
51.000
63.000
70.000
57.000
60.000
59.000
80.000
62.000
67.000
66.000
80.000
62.000
59.000
61.000
61.000
52.000
70.000
63.000
50.000
69.000
59.000
62.000
54.000
58.000
78.000
64.000
60.000
74.000
59.000
45.000
75.000
66.000
58.000
50.000
60.000
75.000
63.000
52.000
71.000
70.000
56.000
71.000
54.000
60.000
68.000
64.000
74.000
56.000
62.000
48.000
60.000
67.000
64.000
73.000
66.000
56.000
66.000
68.000
64.000
57.000
54.000
52.000
71.000
54.000
65.000
73.000
50.000
54.000
78.000
55.000
64.000
63.000
63.000
57.000
65.000
67.000
65.000
66.000
70.000
65.000
88.000
74.000
79.000
63.000
77.000
62.000
80.000
61.000
62.000
76.000
61.000
61.000
65.000
62.000
75.000
67.000
47.000
71.000
73.000
70.000
84.000
85.000
76.000
62.000
67.000
58.000
88.000
63.000
80.000
67.000
64.000
55.000
67.000
74.000
69.000
77.000
79.000
73.000
83.000
59.000
80.000
73.000
71.000
79.000
65.000
67.000
83.000
80.000
84.000
59.000
75.000
68.000
75.000
72.000
65.000
69.000
81.000
60.000
85.000
54.000
95.000
55.000
72.000
57.000
55.000
59.000
70.000
85.000
80.000
79.000
78.000
87.000
73.000
80.000
75.000
73.000
95.000
74.000
69.000
70.000
70.000
72.000
75.000
102.000
85.000
70.000
82.000
60.000
81.000
83.000
101.000
72.000
70.000
62.000
80.000
73.000
70.000
93.000
84.000
89.000
81.000
75.000
81.000
82.000
73.000
74.000
88.000
81.000
97.000
74.000
75.000
87.000
93.000
66.000
75.000
81.000
87.000
58.000
78.000
87.000
73.000
56.000
57.000
62.000
54.000
65.000
61.000
77.000
50.000
76.000
66.000
54.000
70.000
61.000
67.000
52.000
69.000
55.000
53.000
44.000
59.000
57.000
56.000
38.000
40.000
55.000
50.000
58.000
56.000
49.000
61.000
37.000
37.000
53.000
46.000
41.000
38.000
39.000
59.000
37.000
47.000
44.000
39.000
51.000
49.000
55.000
54.000
46.000
55.000
34.000
49.000
46.000
55.000
58.000
49.000
58.000
59.000
42.000
47.000
40.000
53.000
54.000
46.000
44.000
56.000
53.000
49.000
47.000
54.000
38.000
42.000
50.000
53.000
32.000
43.000
48.000
48.000
48.000
52.000
36.000
43.000
37.000
51.000
40.000
47.000
37.000
52.000
40.000
46.000
38.000
39.000
48.000
41.000
43.000
42.000
45.000
54.000
47.000
50.000
40.000
40.000
44.000
35.000
40.000
29.000
33.000
31.000
47.000
46.000
33.000
35.000
29.000
35.000
32.000
38.000
36.000
41.000
24.000
34.000
39.000
47.000
37.000
55.000
43.000
37.000
51.000
53.000
55.000
56.000
53.000
54.000
62.000
64.000
61.000
79.000
80.000
69.000
83.000
85.000
92.000
96.000
80.000
81.000
92.000
88.000
83.000
88.000
86.000
91.000
82.000
91.000
67.000
61.000
75.000
73.000
70.000
58.000
50.000
53.000
51.000
44.000
48.000
41.000
36.000
28.000
17.000
22.000
24.000
23.000
14.000
18.000
15.000
17.000
5.000
10.000
7.000
10.000
6.000
4.000
5.000
7.000
5.000
5.000
8.000
5.000
3.000
8.000
6.000
2.000
5.000
6.000
4.000
11.000
8.000
4.000
3.000
11.000
3.000
5.000
5.000
4.000
2.000
4.000
6.000
6.000
9.000
6.000
7.000
5.000
7.000
11.000
9.000
8.000
9.000
16.000
9.000
18.000
16.000
18.000
15.000
22.000
14.000
28.000
21.000
22.000
21.000
37.000
33.000
30.000
29.000
29.000
24.000
37.000
51.000
33.000
40.000
53.000
53.000
56.000
52.000
64.000
52.000
69.000
48.000
62.000
59.000
51.000
64.000
46.000
62.000
63.000
51.000
52.000
37.000
54.000
38.000
36.000
45.000
44.000
31.000
35.000
38.000
23.000
33.000
34.000
19.000
23.000
21.000
18.000
5.000
18.000
13.000
10.000
6.000
10.000
5.000
3.000
1.000
4.000
3.000
3.000
2.000
3.000
4.000
4.000
2.000
2.000
2.000
0.000
0.000
0.000
1.000
0.000
1.000
0.000
2.000
2.000
0.000
1.000
1.000
3.000
0.000
1.000
2.000
1.000
3.000
2.000
0.000
1.000
0.000
1.000
2.000
1.000
1.000
0.000
0.000
0.000
0.000
0.000
1.000
2.000
1.000
1.000
1.000
1.000
1.000
0.000
2.000
0.000
0.000
0.000
1.000
1.000
0.000
1.000
1.000
0.000
0.000
1.000
0.000
1.000
0.000
0.000
2.000
1.000
2.000
0.000
0.000
0.000
0.000
1.000
1.000
0.000
1.000
0.000
0.000
0.000
0.000
0.000
0.000
0.000
0.000
0.000
0.000
3.000
41.000
